make 
gcc -c main.c
gcc -c lrndata.c
gcc -c lrnproc.c
gcc -c cvp1.c
gcc -o main.exe main.o lrndata.o lrnproc.o cvp1.o
"main < data1.txt" 
*** INPUT Data Set ( 11 x 11 ) ***
0.000000 0.000000 0.000000 0.000000 0.000000 1.000000 0.000000 0.000000 0.000000 0.000000 0.000000 
0.000000 0.000000 0.000000 0.000000 0.000000 1.000000 0.000000 0.000000 0.000000 0.000000 0.000000 
0.000000 0.000000 0.000000 0.000000 0.000000 1.000000 0.000000 0.000000 0.000000 0.000000 0.000000 
0.000000 0.000000 0.000000 0.000000 0.000000 1.000000 0.000000 0.000000 0.000000 0.000000 0.000000 
0.000000 0.000000 0.000000 0.000000 0.000000 1.000000 0.000000 0.000000 0.000000 0.000000 0.000000 
0.000000 0.000000 0.000000 0.000000 0.000000 1.000000 0.000000 0.000000 0.000000 0.000000 0.000000 
0.000000 0.000000 0.000000 0.000000 0.000000 1.000000 0.000000 0.000000 0.000000 0.000000 0.000000 
0.000000 0.000000 0.000000 0.000000 0.000000 1.000000 0.000000 0.000000 0.000000 0.000000 0.000000 
0.000000 0.000000 0.000000 0.000000 0.000000 1.000000 0.000000 0.000000 0.000000 0.000000 0.000000 
0.000000 0.000000 0.000000 0.000000 0.000000 1.000000 0.000000 0.000000 0.000000 0.000000 0.000000 
0.000000 0.000000 0.000000 0.000000 0.000000 1.000000 0.000000 0.000000 0.000000 0.000000 0.000000 
*** Filter ( 3 x 3 ) ***
0.000000	1.000000	0.000000	
0.000000	1.000000	0.000000	
0.000000	1.000000	0.000000	
*** Convout ( 9 x 9 ) ***
0.000 0.000 0.000 0.000 3.000 0.000 0.000 0.000 0.000 
0.000 0.000 0.000 0.000 3.000 0.000 0.000 0.000 0.000 
0.000 0.000 0.000 0.000 3.000 0.000 0.000 0.000 0.000 
0.000 0.000 0.000 0.000 3.000 0.000 0.000 0.000 0.000 
0.000 0.000 0.000 0.000 3.000 0.000 0.000 0.000 0.000 
0.000 0.000 0.000 0.000 3.000 0.000 0.000 0.000 0.000 
0.000 0.000 0.000 0.000 3.000 0.000 0.000 0.000 0.000 
0.000 0.000 0.000 0.000 3.000 0.000 0.000 0.000 0.000 
0.000 0.000 0.000 0.000 3.000 0.000 0.000 0.000 0.000 
*** Poolout ( 3 x 3 ) ***
0.000 3.000 0.000 
0.000 3.000 0.000 
0.000 3.000 0.000 
"main < data2.txt" 
*** INPUT Data Set ( 11 x 11 ) ***
0.000000 0.000000 0.000000 0.000000 0.000000 0.000000 0.000000 0.000000 0.000000 0.000000 0.000000 
0.000000 0.000000 0.000000 0.000000 0.000000 0.000000 0.000000 0.000000 0.000000 0.000000 0.000000 
0.000000 0.000000 0.000000 0.000000 0.000000 0.000000 0.000000 0.000000 0.000000 0.000000 0.000000 
0.000000 0.000000 0.000000 0.000000 0.000000 0.000000 0.000000 0.000000 0.000000 0.000000 0.000000 
0.000000 0.000000 0.000000 0.000000 0.000000 0.000000 0.000000 0.000000 0.000000 0.000000 0.000000 
1.000000 1.000000 1.000000 1.000000 1.000000 1.000000 1.000000 1.000000 1.000000 1.000000 1.000000 
0.000000 0.000000 0.000000 0.000000 0.000000 0.000000 0.000000 0.000000 0.000000 0.000000 0.000000 
0.000000 0.000000 0.000000 0.000000 0.000000 0.000000 0.000000 0.000000 0.000000 0.000000 0.000000 
0.000000 0.000000 0.000000 0.000000 0.000000 0.000000 0.000000 0.000000 0.000000 0.000000 0.000000 
0.000000 0.000000 0.000000 0.000000 0.000000 0.000000 0.000000 0.000000 0.000000 0.000000 0.000000 
0.000000 0.000000 0.000000 0.000000 0.000000 0.000000 0.000000 0.000000 0.000000 0.000000 0.000000 
*** Filter ( 3 x 3 ) ***
0.000000	1.000000	0.000000	
0.000000	1.000000	0.000000	
0.000000	1.000000	0.000000	
*** Convout ( 9 x 9 ) ***
0.000 0.000 0.000 0.000 0.000 0.000 0.000 0.000 0.000 
0.000 0.000 0.000 0.000 0.000 0.000 0.000 0.000 0.000 
0.000 0.000 0.000 0.000 0.000 0.000 0.000 0.000 0.000 
1.000 1.000 1.000 1.000 1.000 1.000 1.000 1.000 1.000 
1.000 1.000 1.000 1.000 1.000 1.000 1.000 1.000 1.000 
1.000 1.000 1.000 1.000 1.000 1.000 1.000 1.000 1.000 
0.000 0.000 0.000 0.000 0.000 0.000 0.000 0.000 0.000 
0.000 0.000 0.000 0.000 0.000 0.000 0.000 0.000 0.000 
0.000 0.000 0.000 0.000 0.000 0.000 0.000 0.000 0.000 
*** Poolout ( 3 x 3 ) ***
0.000 0.000 0.000 
1.000 1.000 1.000 
0.000 0.000 0.000 
"main < data3.txt" 
*** INPUT Data Set ( 11 x 11 ) ***
1.000000 0.000000 0.000000 0.000000 0.000000 0.000000 0.000000 0.000000 0.000000 0.000000 0.000000 
0.000000 1.000000 0.000000 0.000000 0.000000 0.000000 0.000000 0.000000 0.000000 0.000000 0.000000 
0.000000 0.000000 1.000000 0.000000 0.000000 0.000000 0.000000 0.000000 0.000000 0.000000 0.000000 
0.000000 0.000000 0.000000 1.000000 0.000000 0.000000 0.000000 0.000000 0.000000 0.000000 0.000000 
0.000000 0.000000 0.000000 0.000000 1.000000 0.000000 0.000000 0.000000 0.000000 0.000000 0.000000 
0.000000 0.000000 0.000000 0.000000 0.000000 1.000000 0.000000 0.000000 0.000000 0.000000 0.000000 
0.000000 0.000000 0.000000 0.000000 0.000000 0.000000 1.000000 0.000000 0.000000 0.000000 0.000000 
0.000000 0.000000 0.000000 0.000000 0.000000 0.000000 0.000000 1.000000 0.000000 0.000000 0.000000 
0.000000 0.000000 0.000000 0.000000 0.000000 0.000000 0.000000 0.000000 1.000000 0.000000 0.000000 
0.000000 0.000000 0.000000 0.000000 0.000000 0.000000 0.000000 0.000000 0.000000 1.000000 0.000000 
0.000000 0.000000 0.000000 0.000000 0.000000 0.000000 0.000000 0.000000 0.000000 0.000000 1.000000 
*** Filter ( 3 x 3 ) ***
0.000000	1.000000	0.000000	
0.000000	1.000000	0.000000	
0.000000	1.000000	0.000000	
*** Convout ( 9 x 9 ) ***
1.000 1.000 0.000 0.000 0.000 0.000 0.000 0.000 0.000 
1.000 1.000 1.000 0.000 0.000 0.000 0.000 0.000 0.000 
0.000 1.000 1.000 1.000 0.000 0.000 0.000 0.000 0.000 
0.000 0.000 1.000 1.000 1.000 0.000 0.000 0.000 0.000 
0.000 0.000 0.000 1.000 1.000 1.000 0.000 0.000 0.000 
0.000 0.000 0.000 0.000 1.000 1.000 1.000 0.000 0.000 
0.000 0.000 0.000 0.000 0.000 1.000 1.000 1.000 0.000 
0.000 0.000 0.000 0.000 0.000 0.000 1.000 1.000 1.000 
0.000 0.000 0.000 0.000 0.000 0.000 0.000 1.000 1.000 
*** Poolout ( 3 x 3 ) ***
1.000 1.000 0.000 
1.000 1.000 1.000 
0.000 1.000 1.000 
